----- Confinamiento ----

------------ Pruebas secuenciales -----------------
300   200   200   100    23    28    18 
400   150   150   200    29    23    15
160    80   110    55    11    16    11
240   120   140    70    14    23    14
55     30    60    35     8    11     6
60     40    50    40     9    14     8
30     15    30    13     5     7     3
40     20    40    20     7     9     4
 5      3     2     2     1     2     0
20      9    15     9     3     4     2
------ Resultados ------
0.8571
0.8571
0.6936
0.7550
0.5427
0.6622
0.1709
0.2129
0.1458
0.2158

------ Pruebas mixtas -------
100   100   15   60   8   7   12
5      21   125   5   2   25   4
200    25   75   20   4   13   16
------- Resultados -------
0.7755
0.8164
0.6410

*********************************************************************************

----- PCR ----

---------------Pruebas secuenciales-----------------------------------
1.5000         0         0         0    0.1000    1.5000    0.5000    0.1000
3.0000         0         0         0    0.2000    3.0000    1.0000    0.2000
4.5000         0         0         0    0.3000    4.5000    1.5000    0.3000
6.0000         0         0         0    0.4000    6.0000    2.0000    0.4000
7.5000         0         0         0    0.5000    7.5000    2.5000    0.5000
9.0000    1.0000    1.0000    1.0000    0.5000    9.0000    3.0000    0.6000
10.5000   1.0000    1.0000    1.0000    0.6000   10.5000    3.5000    0.7000
12.0000   1.0000    1.0000    1.0000    0.7000   12.0000    4.0000    0.8000
13.5000   1.0000    1.0000    1.0000    0.8000   13.5000    4.5000    0.9000
15.0000   1.0000    1.0000    1.0000    0.9000   15.0000    5.0000    1.0000
------ Resultados --------
0.5021
0.4772
0.5633
0.7228
0.5541
0.8279
0.8279
0.8279
0.8279
0.8279

------ Pruebas mixtas -------
14  0   0   0   0.4   7   5   0.1
2   1   0   1   0.9   3   0   0.8
7   0   0   0   0.6   14  1   0.2
------- Resultados -------
0.7617
0.5228
0.5052